1.1600000000000004 0.2 0.7400000000000001 
1.7800000000000007 0.36 3.060000000000001 
3.7200000000000024 2.440000000000001 10.779999999999996 
5.260000000000001 7.280000000000005 23.079999999999995 
8.659999999999998 21.359999999999996 48.98 
10.92 38.52 87.32000000000001 
15.800000000000004 91.15999999999998 139.8 
18.419999999999998 143.48 197.26000000000008 
22.800000000000008 244.08 267.88000000000005 
26.31999999999999 365.44000000000005 335.8000000000001 
31.259999999999994 569.0 419.4799999999999 
37.419999999999995 863.8400000000001 535.7199999999999 
43.399999999999984 1249.1599999999999 651.2600000000002 
50.74000000000001 1813.24 695.1800000000001 
57.260000000000005 2474.32 760.0199999999999 
65.04 3399.6400000000003 762.6199999999999 
72.05999999999997 4410.519999999999 735.9399999999998 
80.74 5838.5599999999995 578.6600000000003 
89.33999999999999 7526.4 352.98000000000013 
97.99999999999991 9506.000000000002 0.0 
