34679:  // 1:3
1, -1, -1, -1, 
-1, 1, 1, 1, 
-1, 1, 1, 1, 
-1, 1, 1, 1, 

38505: // 2:2
1, -1, -1, 1, 
-1, 1, 1, -1, 
-1, 1, 1, -1, 
1, -1, -1, 1, 

42405: // 2:2
1, -1, 1, -1, 
-1, 1, -1, 1, 
1, -1, 1, -1, 
-1, 1, -1, 1, 

46267: // 1:3
1, -1, 1, 1, 
-1, 1, -1, -1, 
1, -1, 1, 1, 
1, -1, 1, 1, 

52275: // 2:2
1, 1, -1, -1, 
1, 1, -1, -1, 
-1, -1, 1, 1, 
-1, -1, 1, 1, 

56621:  // 1:3
1, 1, -1, 1, 
1, 1, -1, 1, 
-1, -1, 1, -1, 
1, 1, -1, 1, 

61153: // 1:3
1, 1, 1, -1, 
1, 1, 1, -1, 
1, 1, 1, -1, 
-1, -1, -1, 1, 

65535:  // 0:4
1, 1, 1, 1, 
1, 1, 1, 1, 
1, 1, 1, 1, 
1, 1, 1, 1, 

