33911 0.0625, 34167 0.625, 34679 0.1875, 36215 0.0625, 50483 0.0625, 
33911 0.0703125, 34167 0.414062, 34423 0.0078125, 34679 0.304688, 35959 0.015625, 36215 0.0703125, 36727 0.0078125, 50227 0.015625, 50483 0.0703125, 50995 0.0078125, 52531 0.015625, 
33911 0.0634766, 34167 0.285156, 34423 0.0136719, 34679 0.386719, 35959 0.0273438, 36215 0.0634766, 36471 0.00195312, 36727 0.0136719, 50227 0.0273438, 50483 0.0634766, 50739 0.00195312, 50995 0.0136719, 52275 0.00878906, 52531 0.0273438, 53043 0.00195312, 
33911 0.053833, 34167 0.202026, 34423 0.0169678, 34679 0.447876, 35959 0.0332031, 36215 0.053833, 36471 0.00439453, 36727 0.0169678, 50227 0.0332031, 50483 0.053833, 50739 0.00439453, 50995 0.0169678, 52275 0.0241699, 52531 0.0332031, 52787 0.000732422, 53043 0.00439453, 
33911 0.044754, 34167 0.146454, 34423 0.0184326, 34679 0.4953, 35959 0.0347595, 36215 0.044754, 36471 0.00643921, 36727 0.0184326, 50227 0.0347595, 50483 0.044754, 50739 0.00643921, 50995 0.0184326, 52275 0.042984, 52531 0.0347595, 52787 0.00210571, 53043 0.00643921, 
33911 0.0370274, 34167 0.108316, 34423 0.0187244, 34679 0.533129, 35959 0.0337181, 36215 0.0370274, 36471 0.00782776, 36727 0.0187244, 50227 0.0337181, 50483 0.0370274, 50739 0.00782776, 50995 0.0187244, 52275 0.0629311, 52531 0.0337181, 52787 0.00373077, 53043 0.00782776, 
33911 0.0306685, 34167 0.081583, 34423 0.0182881, 34679 0.563971, 35959 0.0313091, 36215 0.0306685, 36471 0.00859499, 36727 0.0182881, 50227 0.0313091, 50483 0.0306685, 50739 0.00859499, 50995 0.0182881, 52275 0.082597, 52531 0.0313091, 52787 0.00526714, 53043 0.00859499, 
33911 0.0254898, 34167 0.0624901, 34423 0.0174124, 34679 0.589554, 35959 0.0283097, 36215 0.0254898, 36471 0.00886953, 36727 0.0174124, 50227 0.0283097, 50483 0.0254898, 50739 0.00886953, 50995 0.0174124, 52275 0.101196, 52531 0.0283097, 52787 0.00651509, 53043 0.00886953, 
33911 0.0212775, 34167 0.048615, 34423 0.0162864, 34679 0.611066, 35959 0.0251747, 36215 0.0212775, 36471 0.00878786, 36727 0.0162864, 50227 0.0251747, 50483 0.0212775, 50739 0.00878786, 50995 0.0162864, 52275 0.118342, 52531 0.0251747, 52787 0.007398, 53043 0.00878786, 
33911 0.0178419, 34167 0.0383634, 34423 0.0150356, 34679 0.629342, 35959 0.0221521, 36215 0.0178419, 36471 0.00846552, 36727 0.0150356, 50227 0.0221521, 50483 0.0178419, 50739 0.00846552, 50995 0.0150356, 52275 0.13389, 52531 0.0221521, 52787 0.0079192, 53043 0.00846552, 
