[0] : 0 
1 -1 -1 -1 ; -1 1 -1 -1 ; -1 -1 1 -1 ; -1 -1 -1 1 ; 
[1] : 2048 1024 512 256 128 64 32 16 8 4 2 1 
1 1 -1 -1 ; -1 1 -1 -1 ; -1 -1 1 -1 ; -1 -1 -1 1 ; 
[2] : 3072 2560 1536 384 320 192 48 40 24 6 5 3 
1 1 1 -1 ; -1 1 -1 -1 ; -1 -1 1 -1 ; -1 -1 -1 1 ; 
[3] : 3584 448 56 7 
1 1 1 1 ; -1 1 -1 -1 ; -1 -1 1 -1 ; -1 -1 -1 1 ; 
[4] : 2304 1056 144 516 66 9 
1 1 -1 -1 ; 1 1 -1 -1 ; -1 -1 1 -1 ; -1 -1 -1 1 ; 
[5] : 1280 768 2176 2112 2080 544 160 1040 272 80 1032 136 2052 1028 68 12 514 258 130 10 513 65 33 17 
1 1 -1 -1 ; -1 1 1 -1 ; -1 -1 1 -1 ; -1 -1 -1 1 ; 
[6] : 3328 2816 2432 2368 3104 1568 400 208 1072 176 1064 152 2564 1540 322 194 518 70 41 25 517 13 67 11 
1 1 1 -1 ; 1 1 -1 -1 ; -1 -1 1 -1 ; -1 -1 -1 1 ; 
[7] : 1792 2240 2592 336 168 1048 3076 386 14 49 69 515 
1 1 1 -1 ; -1 1 -1 -1 ; -1 -1 1 -1 ; 1 -1 -1 1 ; 
[8] : 3840 2496 3616 464 1080 184 3588 450 57 519 71 15 
1 1 1 1 ; 1 1 -1 -1 ; -1 -1 1 -1 ; -1 -1 -1 1 ; 
[9] : 1152 576 288 2064 520 72 260 36 2050 18 1025 129 
1 1 -1 -1 ; -1 1 -1 -1 ; -1 1 1 -1 ; -1 -1 -1 1 ; 
[10] : 3200 1408 2624 832 416 3088 2096 304 1544 200 552 88 324 44 2562 26 2054 262 1537 193 1029 37 131 19 
1 1 1 -1 ; -1 1 1 -1 ; -1 -1 1 -1 ; -1 -1 -1 1 ; 
[11] : 640 1088 96 528 2056 264 132 20 1026 34 2049 257 
1 1 -1 -1 ; -1 1 -1 -1 ; -1 -1 1 1 ; -1 -1 -1 1 ; 
[12] : 2688 896 3136 1344 224 1552 560 112 3080 392 2088 280 196 28 1538 42 1030 134 2561 321 2053 21 259 35 
1 1 1 -1 ; -1 1 -1 1 ; -1 -1 1 -1 ; -1 -1 -1 1 ; 
[13] : 1664 1600 1216 704 352 2576 2568 328 296 104 2072 536 388 52 3074 50 38 22 3073 385 261 133 2051 1027 
1 1 1 -1 ; -1 1 -1 -1 ; -1 -1 1 -1 ; -1 1 -1 1 ; 
[14] : 3712 3648 1472 960 480 3600 3592 456 2104 568 312 120 452 60 3586 58 3585 449 2055 1031 263 135 39 23 
1 1 1 1 ; -1 1 1 -1 ; -1 -1 1 -1 ; -1 -1 -1 1 ; 
[15] : 3456 2880 3120 432 1576 216 2566 326 1541 45 195 27 
1 1 1 -1 ; 1 1 1 -1 ; -1 -1 1 -1 ; -1 -1 -1 1 ; 
[16] : 2944 3392 1584 240 3112 408 1542 198 2565 29 323 43 
1 1 1 -1 ; 1 1 -1 1 ; -1 -1 1 -1 ; -1 -1 -1 1 ; 
[17] : 1920 1856 3264 2752 2608 368 2600 424 232 3096 1560 344 3078 390 46 30 3077 325 197 53 2563 1539 387 51 
1 1 1 -1 ; -1 1 1 1 ; -1 -1 1 -1 ; -1 -1 -1 1 ; 
[18] : 3968 3904 3520 3008 3632 496 3624 472 3128 1592 440 248 3590 454 3589 61 451 59 2567 1543 327 199 47 31 
1 1 1 1 ; 1 1 1 -1 ; -1 -1 1 -1 ; -1 -1 -1 1 ; 
[19] : 1728 360 2584 54 389 3075 
1 1 1 -1 ; -1 1 -1 -1 ; -1 -1 1 -1 ; -1 1 1 1 ; 
[20] : 3776 1984 488 3608 2616 376 62 453 3587 3079 391 55 
1 1 1 1 ; -1 1 1 1 ; -1 -1 1 -1 ; -1 -1 -1 1 ; 
[21] : 4032 3640 504 3591 455 63 
1 1 1 1 ; 1 1 1 1 ; -1 -1 1 -1 ; -1 -1 -1 1 ; 
[22] : 2336 1312 1184 2320 2192 1168 2308 772 580 1060 548 524 2306 2114 578 146 82 74 1057 145 1033 521 137 73 
1 1 -1 -1 ; 1 1 -1 -1 ; 1 -1 1 -1 ; -1 -1 -1 1 ; 
[23] : 3360 2448 1200 2820 1572 2370 210 582 1065 153 525 75 
1 1 1 -1 ; 1 1 -1 -1 ; 1 -1 1 -1 ; -1 -1 -1 1 ; 
[24] : 800 2128 1160 1284 2084 76 2178 274 522 577 161 1041 
1 1 -1 -1 ; -1 1 1 -1 ; -1 -1 1 -1 ; -1 1 -1 1 ; 
[25] : 2848 1824 2384 2256 1192 1176 3332 1796 3108 2596 2434 2242 402 338 526 78 1073 177 169 1049 581 77 579 523 
1 1 1 -1 ; 1 1 -1 -1 ; -1 -1 1 -1 ; 1 -1 -1 1 ; 
[26] : 3872 2512 1208 3844 3620 2498 466 1081 185 583 527 79 
1 1 1 1 ; 1 1 -1 -1 ; 1 -1 1 -1 ; -1 -1 -1 1 ; 
[27] : 2208 1296 2116 1036 770 138 545 81 
1 1 -1 -1 ; -1 1 1 -1 ; 1 -1 1 -1 ; -1 -1 -1 1 ; 
[28] : 3232 2464 3344 1424 1328 2224 2628 2372 1548 1068 2818 834 202 154 774 2118 1569 209 553 89 549 1037 83 139 
1 1 1 -1 ; 1 1 -1 -1 ; -1 1 1 -1 ; -1 -1 -1 1 ; 
[29] : 672 2144 784 1104 1288 2184 2180 1092 1044 84 2060 140 1282 642 546 162 1034 266 769 2113 2081 97 529 273 
1 1 -1 -1 ; -1 1 1 -1 ; -1 -1 1 1 ; -1 -1 -1 1 ; 
[30] : 2720 2272 1808 1360 2216 1304 3140 2244 3084 1052 1794 898 394 170 1038 142 2593 337 561 113 2117 85 771 547 
1 1 1 -1 ; -1 1 -1 1 ; -1 -1 1 -1 ; 1 -1 -1 1 ; 
[31] : 1696 2400 2832 1232 1320 2200 2436 1604 1076 2572 3330 706 178 330 550 86 3105 401 105 537 773 141 2115 1035 
1 1 1 -1 ; 1 1 -1 -1 ; -1 -1 1 -1 ; -1 1 -1 1 ; 
[32] : 3744 2528 3856 1488 1336 2232 3652 2500 3596 1084 3842 962 458 186 3617 465 569 121 775 2119 551 87 1039 143 
1 1 1 1 ; 1 1 -1 -1 ; -1 1 1 -1 ; -1 -1 -1 1 ; 
[33] : 1440 3216 2352 836 556 2626 90 2310 1545 201 1061 147 
1 1 1 -1 ; -1 1 1 -1 ; -1 1 1 -1 ; -1 -1 -1 1 ; 
[34] : 3488 3472 3376 3248 2480 1456 2884 1580 2882 218 2822 2630 2374 838 1577 217 1573 1549 1069 557 211 203 155 91 
1 1 1 -1 ; 1 1 1 -1 ; 1 -1 1 -1 ; -1 -1 -1 1 ; 
[35] : 928 3152 816 2160 3208 1416 1348 204 2092 92 2690 1546 554 282 1286 2182 2625 833 225 1553 2085 1045 163 275 
1 1 1 -1 ; -1 1 1 -1 ; -1 -1 1 1 ; -1 -1 -1 1 ; 
[36] : 2976 3408 1840 2288 3240 1432 3396 3116 2946 410 1798 2246 1550 206 1585 241 2629 2597 1053 93 835 339 555 171 
1 1 1 -1 ; 1 1 -1 1 ; -1 1 1 -1 ; -1 -1 -1 1 ; 
[37] : 1952 3280 2864 2416 1448 3224 1860 2604 2754 346 3334 2438 558 94 233 1561 837 3109 1077 205 2627 403 179 1547 
1 1 1 -1 ; 1 1 -1 -1 ; -1 -1 1 -1 ; 1 1 -1 1 ; 
[38] : 4000 3536 3888 2544 3256 1464 3908 3628 3010 474 3846 2502 1593 249 3621 1085 467 187 2631 839 1551 207 559 95 
1 1 1 1 ; 1 1 1 -1 ; 1 -1 1 -1 ; -1 -1 -1 1 ; 
[39] : 1120 656 2312 644 532 148 1090 1058 98 2305 2057 265 
1 1 -1 -1 ; 1 1 -1 -1 ; -1 -1 1 1 ; -1 -1 -1 1 ; 
[40] : 3168 912 688 1136 3336 2440 2692 1556 212 156 1346 1570 226 1066 646 1094 2817 2369 2089 281 533 2061 99 267 
1 1 1 -1 ; 1 1 -1 -1 ; -1 -1 1 1 ; -1 -1 -1 1 ; 
[41] : 608 592 776 648 2120 1096 1156 164 100 2068 276 268 1154 2082 290 1042 530 2058 1281 2177 641 1089 289 2065 
1 1 -1 -1 ; -1 1 1 -1 ; -1 -1 1 -1 ; -1 -1 1 1 ; 
[42] : 2656 848 1800 2248 680 1112 3204 3092 340 172 1410 2594 418 1050 2062 270 1793 2241 2097 305 1093 101 643 531 
1 1 1 -1 ; -1 1 1 -1 ; -1 -1 1 -1 ; 1 -1 -1 1 ; 
[43] : 1632 720 2824 2376 1128 664 1668 2580 404 180 1218 3106 354 1074 102 534 3329 2433 297 2073 645 269 1091 2059 
1 1 1 -1 ; 1 1 -1 -1 ; -1 -1 1 -1 ; -1 -1 1 1 ; 
[44] : 3680 976 3848 2504 696 1144 3716 3604 468 188 1474 3618 482 1082 3841 2497 2105 313 647 1095 103 535 2063 271 
1 1 1 1 ; 1 1 -1 -1 ; -1 -1 1 1 ; -1 -1 -1 1 ; 
[45] : 1376 1248 2704 1680 2344 2328 900 708 564 540 3138 1602 114 106 1062 150 3081 2569 393 329 2309 149 2307 1059 
1 1 1 -1 ; -1 1 -1 1 ; -1 -1 1 -1 ; -1 1 -1 1 ; 
[46] : 3424 2960 1712 1264 3368 2456 2948 1588 3394 242 1606 710 1574 214 3113 409 2821 2573 541 157 2371 331 1067 107 
1 1 1 -1 ; 1 1 -1 1 ; 1 -1 1 -1 ; -1 -1 -1 1 ; 
[47] : 864 2640 1672 1224 808 2136 1412 2100 332 108 3202 306 2570 538 2086 278 1601 705 417 3089 1285 165 2179 1043 
1 1 1 -1 ; -1 1 1 -1 ; -1 -1 1 -1 ; -1 1 -1 1 ; 
[48] : 2912 2896 1832 1704 2264 1240 3460 3124 3458 434 2598 342 2574 334 3121 433 1797 1605 173 109 2243 707 1051 539 
1 1 1 -1 ; 1 1 1 -1 ; -1 -1 1 -1 ; 1 -1 -1 1 ; 
[49] : 1888 2768 2856 1256 1688 2392 1924 2612 3266 370 3110 406 110 542 425 3097 3333 709 181 333 2435 1603 1075 2571 
1 1 1 -1 ; 1 1 -1 -1 ; -1 -1 1 -1 ; 1 -1 1 1 ; 
[50] : 3936 3024 3880 2520 1720 1272 3972 3636 3522 498 3622 470 3129 441 3845 189 2499 1083 1607 711 2575 335 111 543 
1 1 1 1 ; 1 1 1 -1 ; -1 -1 1 -1 ; 1 -1 -1 1 ; 
[51] : 3296 1936 2736 1392 2472 3352 2756 1564 1858 234 902 3142 1070 158 2601 345 2373 213 565 3085 2819 1571 115 395 
1 1 1 -1 ; 1 1 -1 -1 ; -1 1 1 1 ; -1 -1 -1 1 ; 
[52] : 736 1616 2696 1352 2152 792 1220 116 396 2076 1666 562 3082 298 166 1046 897 3137 353 2577 2181 277 1283 2083 
1 1 1 -1 ; -1 1 -1 1 ; -1 -1 1 -1 ; -1 -1 1 1 ; 
[53] : 2784 1872 2728 2280 1816 1368 3268 3100 1922 426 3086 398 174 1054 2609 369 3141 2245 341 117 1795 899 2595 563 
1 1 1 -1 ; -1 1 1 1 ; -1 -1 1 -1 ; 1 -1 -1 1 ; 
[54] : 1760 1744 2408 1384 2840 2712 1732 2588 1730 362 1078 566 182 118 361 2585 2437 901 405 397 3331 3139 3107 3083 
1 1 1 -1 ; 1 1 -1 -1 ; -1 -1 1 -1 ; -1 1 1 1 ; 
[55] : 3808 2000 2536 3864 2744 1400 3780 3612 1986 490 1086 190 2617 377 2501 469 3843 3619 903 3143 567 119 3087 399 
1 1 1 1 ; 1 1 -1 -1 ; -1 1 1 1 ; -1 -1 -1 1 ; 
[56] : 1504 3728 2360 964 572 3650 122 3593 457 2311 1063 151 
1 1 1 1 ; -1 1 1 -1 ; -1 1 1 -1 ; -1 -1 -1 1 ; 
[57] : 3552 3984 3760 1520 3384 2488 3012 1596 3906 250 3654 966 3625 473 3597 573 459 123 2823 2375 1575 215 1071 159 
1 1 1 1 ; 1 1 1 -1 ; -1 1 1 -1 ; -1 -1 -1 1 ; 
[58] : 992 3664 3720 1480 824 2168 1476 460 2108 124 3714 3594 570 314 3649 961 481 3601 1287 2183 2087 167 1047 279 
1 1 1 1 ; -1 1 1 -1 ; -1 -1 1 1 ; -1 -1 -1 1 ; 
[59] : 3040 3920 3752 1496 1848 2296 3524 3132 3970 442 3598 462 3633 497 3653 125 963 571 1799 2247 2599 343 175 1055 
1 1 1 1 ; 1 1 1 -1 ; -1 -1 1 -1 ; -1 1 -1 1 ; 
[60] : 2016 3792 1512 3736 2872 2424 1988 2620 3778 378 574 126 489 3609 965 461 3651 3595 3335 2439 3111 407 1079 183 
1 1 1 1 ; -1 1 1 1 ; -1 1 1 -1 ; -1 -1 -1 1 ; 
[61] : 4064 4048 3896 3768 2552 1528 4036 3644 4034 506 3641 505 3847 3655 2503 967 3623 471 3599 463 1087 575 191 127 
1 1 1 1 ; 1 1 1 1 ; 1 -1 1 -1 ; -1 -1 -1 1 ; 
[62] : 3504 2886 1581 219 
1 1 1 -1 ; 1 1 1 -1 ; 1 1 1 -1 ; -1 -1 -1 1 ; 
[63] : 944 3184 3464 220 1578 2694 1350 2881 1557 2093 227 283 
1 1 1 -1 ; 1 1 1 -1 ; -1 -1 1 1 ; -1 -1 -1 1 ; 
[64] : 2992 1968 3440 3312 3496 3480 2950 3398 1862 2758 1582 222 2885 1589 3117 2605 1565 221 2883 243 1579 235 411 347 
1 1 1 -1 ; 1 1 1 -1 ; 1 -1 1 1 ; -1 -1 -1 1 ; 
[65] : 4016 3568 3512 3910 3014 3629 1597 475 251 2887 1583 223 
1 1 1 1 ; 1 1 1 -1 ; 1 1 1 -1 ; -1 -1 -1 1 ; 
[66] : 624 904 3144 228 284 1554 2090 1158 2689 1345 2069 291 
1 1 1 -1 ; -1 1 -1 1 ; -1 -1 1 1 ; -1 -1 -1 1 ; 
[67] : 2672 880 1928 3272 936 3160 236 348 2602 1562 3206 1414 2094 286 1857 2753 1349 229 3093 2101 2691 419 1555 307 
1 1 1 -1 ; -1 1 1 1 ; -1 -1 1 1 ; -1 -1 -1 1 ; 
[68] : 1648 752 2952 3400 3176 920 244 412 1586 3114 1670 1222 230 1558 2945 3393 2693 2581 2077 285 1347 355 2091 299 
1 1 1 -1 ; 1 1 -1 1 ; -1 -1 1 1 ; -1 -1 -1 1 ; 
[69] : 3696 1008 3976 3528 952 3192 476 252 3626 1594 3718 1478 3905 3009 3605 2109 483 315 2695 1351 231 1559 2095 287 
1 1 1 1 ; 1 1 1 -1 ; -1 -1 1 1 ; -1 -1 -1 1 ; 
[70] : 2928 1960 3288 3462 2606 350 1861 3125 237 2755 435 1563 
1 1 1 -1 ; 1 1 1 -1 ; -1 -1 1 -1 ; 1 1 -1 1 ; 
[71] : 1904 2800 2984 3304 1944 3416 1926 3270 3118 238 1566 414 3397 2757 2613 245 3101 349 2947 1859 1587 371 2603 427 
1 1 1 -1 ; 1 1 -1 1 ; -1 1 1 1 ; -1 -1 -1 1 ; 
[72] : 3952 3056 4008 3544 1976 3320 3974 3526 3630 478 3909 3637 3133 253 3011 499 1595 443 1863 2759 2607 239 1567 351 
1 1 1 1 ; 1 1 1 -1 ; 1 -1 1 1 ; -1 -1 -1 1 ; 
[73] : 1776 3432 2968 1734 1590 246 2949 2589 413 3395 3115 363 
1 1 1 -1 ; 1 1 -1 1 ; 1 -1 1 1 ; -1 -1 -1 1 ; 
[74] : 3824 2032 3560 3992 3000 3448 3782 1990 1598 254 3013 3613 477 2621 3907 3627 491 379 2951 3399 1591 247 3119 415 
1 1 1 1 ; 1 1 1 -1 ; -1 1 1 1 ; -1 -1 -1 1 ; 
[75] : 4080 4024 3576 4038 3645 507 3911 3015 3631 479 1599 255 
1 1 1 1 ; 1 1 1 1 ; 1 1 1 -1 ; -1 -1 -1 1 ; 
[76] : 584 292 2066 1153 
1 1 -1 -1 ; -1 1 -1 -1 ; -1 1 1 -1 ; -1 1 -1 1 ; 
[77] : 2632 1608 840 712 616 600 420 356 308 300 3090 2578 2098 2074 294 2070 3201 1665 1409 1217 1157 293 1155 2067 
1 1 1 -1 ; -1 1 1 -1 ; -1 -1 1 -1 ; -1 -1 1 1 ; 
[78] : 3656 968 632 484 316 3602 2106 3713 1473 1159 295 2071 
1 1 1 1 ; -1 1 1 -1 ; -1 -1 1 -1 ; -1 -1 1 1 ; 
[79] : 2888 1640 728 436 3122 358 2582 3457 1669 301 1219 2075 
1 1 1 -1 ; 1 1 1 -1 ; -1 -1 1 -1 ; -1 -1 1 1 ; 
[80] : 1864 2760 2664 744 1624 856 372 428 2610 3098 422 3094 302 2078 1921 3265 3205 1221 357 309 1667 1411 2579 2099 
1 1 1 -1 ; -1 1 1 1 ; -1 -1 1 -1 ; -1 -1 1 1 ; 
[81] : 3912 3016 3688 984 1656 760 500 444 3634 3130 486 3606 3969 3521 3717 317 1475 2107 1671 1223 359 2583 303 2079 
1 1 1 1 ; 1 1 1 -1 ; -1 -1 1 -1 ; -1 -1 1 1 ; 
[82] : 1736 872 2648 364 2586 2102 310 1729 1413 421 3203 3091 
1 1 1 -1 ; -1 1 1 -1 ; -1 -1 1 -1 ; -1 1 1 1 ; 
[83] : 3784 1992 1000 3672 2680 888 492 380 3610 2618 2110 318 3777 1985 1477 485 3715 3603 3207 1415 423 3095 2103 311 
1 1 1 1 ; -1 1 1 1 ; -1 -1 1 1 ; -1 -1 -1 1 ; 
[84] : 4040 3704 1016 508 3642 4033 3719 1479 487 3607 2111 319 
1 1 1 1 ; 1 1 1 1 ; -1 -1 1 1 ; -1 -1 -1 1 ; 
[85] : 2920 1896 1768 2904 2776 1752 3126 2614 438 374 366 2590 3461 1925 1733 437 429 365 3459 3267 1731 3123 3099 2587 
1 1 1 -1 ; 1 1 1 -1 ; -1 -1 1 -1 ; 1 -1 1 1 ; 
[86] : 3944 3032 1784 3638 502 3973 445 3523 3131 1735 367 2591 
1 1 1 1 ; 1 1 1 -1 ; -1 -1 1 -1 ; 1 -1 1 1 ; 
[87] : 2792 1880 430 3102 3269 373 1923 2611 
1 1 1 -1 ; -1 1 1 1 ; -1 -1 1 -1 ; 1 -1 1 1 ; 
[88] : 3816 3048 3928 2008 1912 2808 494 3614 3134 446 3781 3525 501 381 3971 1987 3635 2619 1927 3271 2615 375 431 3103 
1 1 1 1 ; 1 1 1 -1 ; -1 -1 1 -1 ; -1 1 1 1 ; 
[89] : 2024 3800 2936 2622 382 1989 493 3779 3611 3463 3127 439 
1 1 1 1 ; -1 1 1 1 ; -1 1 1 1 ; -1 -1 -1 1 ; 
[90] : 4072 4056 3960 3832 3064 2040 3646 510 4037 509 4035 3643 3975 3783 3527 1991 3639 503 495 3615 3135 2623 447 383 
1 1 1 1 ; 1 1 1 1 ; 1 -1 1 1 ; -1 -1 -1 1 ; 
[91] : 4088 4039 3647 511 
1 1 1 1 ; 1 1 1 1 ; 1 1 1 1 ; -1 -1 -1 1 ; 
[92] : 2340 1316 804 588 2322 2194 2130 586 1185 1169 1161 585 
1 1 -1 -1 ; 1 1 -1 -1 ; 1 -1 1 -1 ; 1 -1 -1 1 ; 
[93] : 3364 2852 1828 2450 2386 2258 590 1201 1193 1177 589 587 
1 1 1 -1 ; 1 1 -1 -1 ; 1 -1 1 -1 ; 1 -1 -1 1 ; 
[94] : 3876 2514 1209 591 
1 1 1 1 ; 1 1 -1 -1 ; 1 -1 1 -1 ; 1 -1 -1 1 ; 
[95] : 2212 2148 1300 2132 1292 1164 2124 1100 802 2210 1298 786 778 2186 1162 650 801 2209 673 609 1297 2129 1105 593 
1 1 -1 -1 ; -1 1 1 -1 ; 1 -1 1 -1 ; 1 -1 -1 1 ; 
[96] : 1188 612 2324 780 2338 1170 594 2122 1313 2193 649 1097 
1 1 -1 -1 ; 1 1 -1 -1 ; 1 -1 1 -1 ; -1 1 -1 1 ; 
[97] : 3236 2660 3348 2388 1804 1196 2850 2466 1426 850 2250 1178 782 2126 1825 2257 1329 2225 681 1113 613 1101 595 651 
1 1 1 -1 ; 1 1 -1 -1 ; -1 1 1 -1 ; 1 -1 -1 1 ; 
[98] : 676 1124 788 2196 1172 596 2316 652 1314 1186 2146 610 658 1106 2314 1098 2337 1121 2321 657 1289 777 2185 2121 
1 1 -1 -1 ; 1 1 -1 -1 ; 1 -1 1 -1 ; -1 -1 1 1 ; 
[99] : 2724 3172 1812 2260 3340 1180 1826 2274 914 1362 2442 1194 654 1102 2849 2385 689 1137 2217 1305 597 2125 611 779 
1 1 1 -1 ; 1 1 -1 -1 ; -1 -1 1 1 ; 1 -1 -1 1 ; 
[100] : 1700 1636 2836 2452 1204 2828 3362 2402 1234 722 1202 2378 614 598 3361 2449 1321 1129 2201 665 781 653 2123 1099 
1 1 1 -1 ; 1 1 -1 -1 ; 1 -1 1 -1 ; -1 1 -1 1 ; 
[101] : 3748 3684 3860 2516 3852 1212 3874 2530 1490 978 2506 1210 3873 2513 1337 2233 697 1145 615 599 783 655 2127 1103 
1 1 1 1 ; 1 1 -1 -1 ; 1 -1 1 -1 ; -1 1 -1 1 ; 
[102] : 2468 2404 1332 2636 1612 1324 3346 2834 2226 842 714 2202 806 2134 3233 1697 1425 1233 617 601 805 1165 2131 1163 
1 1 1 -1 ; 1 1 -1 -1 ; -1 1 1 -1 ; -1 1 -1 1 ; 
[103] : 1444 868 2356 844 812 620 3218 2642 2354 2634 2138 602 2342 2326 1441 3217 1673 1609 1225 713 1317 1189 2195 1171 
1 1 1 -1 ; -1 1 1 -1 ; -1 1 1 -1 ; -1 1 -1 1 ; 
[104] : 3492 2916 3380 1836 3474 2898 2482 2266 2854 2390 2638 846 3249 1457 1705 1241 1829 1613 1197 621 2259 715 1179 603 
1 1 1 -1 ; 1 1 1 -1 ; 1 -1 1 -1 ; 1 -1 -1 1 ; 
[105] : 932 1380 820 716 2348 604 2706 3154 2162 1610 618 2330 1318 2198 1249 1681 3209 1417 2633 841 2341 1173 1187 2323 
1 1 1 -1 ; -1 1 1 -1 ; -1 -1 1 1 ; -1 -1 1 1 ; 
[106] : 2980 3428 1844 3372 2962 3410 2290 2458 1830 2262 1614 718 1713 1265 3241 1433 2853 2637 1181 605 2387 843 1195 619 
1 1 1 -1 ; 1 1 -1 1 ; 1 -1 1 -1 ; 1 -1 -1 1 ; 
[107] : 1956 1892 2868 2860 3282 2770 2418 2394 3366 2454 622 606 1449 1257 3225 1689 3365 1205 845 717 2451 1203 2635 1611 
1 1 1 -1 ; 1 1 -1 -1 ; 1 -1 1 -1 ; 1 1 -1 1 ; 
[108] : 4004 3940 3892 3884 3538 3026 2546 2522 3878 2518 3257 1721 1465 1273 3877 1213 2515 1211 2639 1615 847 719 623 607 
1 1 1 1 ; 1 1 1 -1 ; 1 -1 1 -1 ; 1 -1 -1 1 ; 
[109] : 2276 3148 1308 1810 906 2218 1166 2721 1361 625 2133 803 
1 1 1 -1 ; -1 1 -1 1 ; -1 -1 1 1 ; 1 -1 -1 1 ; 
[110] : 1252 740 628 908 2332 796 1682 1618 626 3146 2346 2154 1190 1174 1377 2705 2697 905 3145 1353 2325 2197 2339 1315 
1 1 1 -1 ; -1 1 -1 1 ; -1 -1 1 1 ; -1 1 -1 1 ; 
[111] : 3300 2788 3356 1820 1938 1874 2474 2282 910 3150 1198 1182 2737 1393 2729 1369 2389 2261 629 3149 2851 1827 627 907 
1 1 1 -1 ; 1 1 -1 -1 ; -1 1 1 1 ; 1 -1 -1 1 ; 
[112] : 1764 2844 1746 2410 1206 630 1385 2713 2453 909 3363 3147 
1 1 1 -1 ; 1 1 -1 -1 ; 1 -1 1 -1 ; -1 1 1 1 ; 
[113] : 3812 3868 2002 2538 1214 2745 1401 2517 3875 631 911 3151 
1 1 1 1 ; 1 1 -1 -1 ; 1 -1 1 -1 ; -1 1 1 1 ; 
[114] : 2532 3660 1340 3858 970 2234 3745 1489 633 807 2135 1167 
1 1 1 1 ; 1 1 -1 -1 ; -1 1 1 -1 ; -1 1 -1 1 ; 
[115] : 1508 996 972 2364 828 636 3730 3666 3658 2362 2170 634 1505 3729 3721 3657 1481 969 2343 1319 1191 2327 2199 1175 
1 1 1 1 ; -1 1 1 -1 ; -1 1 1 -1 ; -1 1 -1 1 ; 
[116] : 3556 3044 3388 1852 3986 3922 2490 2298 3662 974 3761 1521 3753 1497 3661 637 971 635 2855 1831 2391 2263 1199 1183 
1 1 1 1 ; 1 1 1 -1 ; -1 1 1 -1 ; -1 1 -1 1 ; 
[117] : 2020 2876 3794 2426 638 1513 3737 973 3659 3367 2455 1207 
1 1 1 1 ; -1 1 1 1 ; -1 1 1 -1 ; -1 1 -1 1 ; 
[118] : 4068 3900 4050 2554 3769 1529 3879 2519 3663 975 1215 639 
1 1 1 1 ; 1 1 1 1 ; 1 -1 1 -1 ; 1 -1 -1 1 ; 
[119] : 3220 852 684 1442 2658 1114 2318 2353 1801 2249 1125 659 
1 1 1 -1 ; -1 1 1 -1 ; -1 1 1 -1 ; 1 -1 -1 1 ; 
[120] : 660 1122 2313 
1 1 -1 -1 ; 1 1 -1 -1 ; -1 -1 1 1 ; -1 -1 1 1 ; 
[121] : 2708 1684 916 724 692 668 3170 1634 1378 1250 1138 1130 1126 662 3337 2825 2441 2377 2345 2329 661 2317 1123 2315 
1 1 1 -1 ; 1 1 -1 -1 ; -1 -1 1 1 ; -1 -1 1 1 ; 
[122] : 3732 980 700 3682 1506 1146 3849 2505 2361 1127 663 2319 
1 1 1 1 ; 1 1 -1 -1 ; -1 -1 1 1 ; -1 -1 1 1 ; 
[123] : 1428 2644 2228 1676 2380 1132 3234 866 1330 2826 1226 666 2150 790 2465 1633 3345 721 809 2137 677 1293 1107 2187 
1 1 1 -1 ; 1 1 -1 -1 ; -1 1 1 -1 ; -1 -1 1 1 ; 
[124] : 3476 2900 3252 1708 3490 2914 1458 1242 2662 854 2830 2382 3377 2481 1833 2265 1637 1805 685 1133 723 2251 667 1115 
1 1 1 -1 ; 1 1 1 -1 ; 1 -1 1 -1 ; -1 1 -1 1 ; 
[125] : 2964 1716 3426 1266 1638 726 3369 2457 2829 669 2379 1131 
1 1 1 -1 ; 1 1 -1 1 ; 1 -1 1 -1 ; -1 1 -1 1 ; 
[126] : 1940 2772 2740 1692 1890 3298 1394 1258 3174 918 1134 670 2857 2473 3353 2393 725 693 3341 2381 1635 1139 2827 2443 
1 1 1 -1 ; 1 1 -1 -1 ; -1 1 1 1 ; -1 -1 1 1 ; 
[127] : 3988 3028 3764 1724 3938 3554 1522 1274 3686 982 3881 2521 3385 2489 3853 701 2507 1147 1639 727 2831 2383 1135 671 
1 1 1 1 ; 1 1 1 -1 ; -1 1 1 -1 ; 1 -1 -1 1 ; 
[128] : 1108 2188 674 1290 2145 785 
1 1 -1 -1 ; -1 1 1 -1 ; -1 -1 1 1 ; 1 -1 -1 1 ; 
[129] : 3156 1364 3212 2252 2220 1116 2722 930 1802 1418 682 1306 1294 2190 2657 2273 1809 849 817 2161 2149 1109 675 787 
1 1 1 -1 ; -1 1 1 -1 ; -1 -1 1 1 ; 1 -1 -1 1 ; 
[130] : 1620 1236 1140 2700 2444 2204 1698 738 690 3338 1354 1322 678 1110 3169 2401 2833 913 2153 793 789 2189 2147 1291 
1 1 1 -1 ; 1 1 -1 -1 ; -1 -1 1 1 ; -1 1 -1 1 ; 
[131] : 3668 1492 3724 2508 2236 1148 3746 994 3850 1482 1338 698 3681 2529 3857 977 825 2169 679 2151 791 1111 1295 2191 
1 1 1 1 ; 1 1 -1 -1 ; -1 1 1 -1 ; -1 -1 1 1 ; 
[132] : 3412 3244 2978 1434 1806 2254 1841 2289 2661 1117 851 683 
1 1 1 -1 ; 1 1 -1 1 ; -1 1 1 -1 ; 1 -1 -1 1 ; 
[133] : 1876 3284 2732 3228 1954 2786 1450 1370 3342 2446 686 1118 2865 2417 2281 1817 3173 853 1141 2253 2659 915 691 1803 
1 1 1 -1 ; 1 1 -1 -1 ; -1 -1 1 1 ; 1 1 -1 1 ; 
[134] : 3924 3540 3756 3260 4002 3042 1498 1466 3854 2510 3889 2545 1849 2297 3685 1149 979 699 2663 855 1807 2255 687 1119 
1 1 1 1 ; 1 1 1 -1 ; 1 -1 1 -1 ; -1 1 -1 1 ; 
[135] : 1748 2716 1762 1386 694 1142 2409 2841 917 2445 3171 3339 
1 1 1 -1 ; 1 1 -1 -1 ; -1 -1 1 1 ; -1 1 1 1 ; 
[136] : 3796 2004 3740 2748 3810 2018 1514 1402 702 1150 2537 3865 2873 2425 981 2509 3683 3851 3175 919 695 1143 3343 2447 
1 1 1 1 ; 1 1 -1 -1 ; -1 1 1 1 ; -1 -1 1 1 ; 
[137] : 4052 3772 4066 1530 3897 2553 3687 983 3855 2511 703 1151 
1 1 1 1 ; 1 1 1 1 ; 1 -1 1 -1 ; -1 1 -1 1 ; 
[138] : 2484 1460 2892 1644 3378 3250 2890 730 2406 870 2838 2646 3489 3473 1641 729 1701 1677 1325 813 1235 1227 2203 2139 
1 1 1 -1 ; 1 1 1 -1 ; 1 -1 1 -1 ; -1 -1 1 1 ; 
[139] : 3508 3506 2918 2902 2894 3505 1837 1709 1645 2267 1243 731 
1 1 1 -1 ; 1 1 1 -1 ; 1 1 1 -1 ; 1 -1 -1 1 ; 
[140] : 948 732 3186 1642 1382 2710 3465 2889 1685 2349 1251 2331 
1 1 1 -1 ; 1 1 1 -1 ; -1 -1 1 1 ; -1 -1 1 1 ; 
[141] : 2996 1972 3442 3314 3430 1894 2966 2774 1646 734 3497 3481 1717 2893 3373 2861 1693 733 1267 2891 1643 1259 2459 2395 
1 1 1 -1 ; 1 1 1 -1 ; 1 -1 1 1 ; -1 -1 1 1 ; 
[142] : 4020 3570 3942 3030 3513 3885 1725 2523 1275 2895 1647 735 
1 1 1 1 ; 1 1 1 -1 ; 1 1 1 -1 ; 1 -1 -1 1 ; 
[143] : 2164 1420 1356 1228 2156 2140 818 3210 2698 1674 810 794 2214 1302 929 865 737 3153 2641 1617 2213 1301 2211 1299 
1 1 1 -1 ; -1 1 1 -1 ; -1 -1 1 1 ; -1 1 -1 1 ; 
[144] : 3188 3468 2268 1244 946 3466 1834 1706 2726 1366 2702 1358 2913 2897 945 3185 1813 1621 2221 2157 2275 739 1307 795 
1 1 1 -1 ; 1 1 1 -1 ; -1 -1 1 1 ; 1 -1 -1 1 ; 
[145] : 2676 1932 1260 2396 882 3274 2858 1690 3238 1430 2158 798 1889 2769 937 3161 741 3349 2229 1357 2467 1619 1331 2699 
1 1 1 -1 ; 1 1 -1 -1 ; -1 1 1 -1 ; 1 -1 1 1 ; 
[146] : 1652 1268 2956 2460 1714 754 3402 3370 1702 742 1622 1238 3425 2961 3177 921 2837 2701 797 2205 2403 1355 1323 2155 
1 1 1 -1 ; 1 1 -1 1 ; 1 -1 1 -1 ; -1 -1 1 1 ; 
[147] : 3700 3980 2524 1276 1010 3530 3882 1722 3750 1494 3937 3025 953 3193 3861 2237 2531 1339 743 1623 2703 1359 2159 799 
1 1 1 1 ; 1 1 1 -1 ; -1 -1 1 1 ; 1 -1 -1 1 ; 
[148] : 2420 1868 1452 2668 2866 2762 3226 858 2470 3350 814 2142 1953 3281 745 1625 3237 869 1333 1229 1427 2643 2227 1675 
1 1 1 -1 ; 1 1 -1 -1 ; -1 1 1 -1 ; 1 1 -1 1 ; 
[149] : 1396 2764 2476 1628 2738 1866 746 3354 934 3158 1326 2206 3297 1937 2665 857 2405 1237 821 3213 1699 2835 2163 1419 
1 1 1 -1 ; 1 1 -1 -1 ; -1 1 1 1 ; -1 1 -1 1 ; 
[150] : 3444 3500 2994 3482 2982 3414 1870 2766 1838 2270 1969 3313 2917 1845 3245 2669 1629 1245 2899 2291 1707 747 1435 859 
1 1 1 -1 ; 1 1 1 -1 ; 1 -1 1 1 ; 1 -1 -1 1 ; 
[151] : 884 940 748 860 2674 2666 3162 1626 1446 3222 2350 2334 1929 1865 3273 2761 1381 1253 3221 2357 1443 2707 1683 2355 
1 1 1 -1 ; -1 1 1 1 ; -1 -1 1 1 ; -1 -1 1 1 ; 
[152] : 2932 1964 2930 3290 3494 3478 2862 2670 2398 862 1961 3289 1893 3381 3253 1869 1261 749 2771 2483 1459 2763 1691 1627 
1 1 1 -1 ; 1 1 1 -1 ; 1 -1 1 -1 ; 1 1 -1 1 ; 
[153] : 1908 2988 2802 3418 1958 3286 3374 750 2462 1630 3305 1945 3429 2869 1269 2765 3229 861 2963 1715 2419 1867 1451 2667 
1 1 1 -1 ; 1 1 -1 1 ; 1 -1 1 -1 ; 1 -1 1 1 ; 
[154] : 3956 4012 3058 3546 4006 3542 3886 2526 1977 3321 3941 3893 3261 1277 3027 2547 1723 1467 1871 2767 2671 751 1631 863 
1 1 1 1 ; 1 1 1 -1 ; 1 -1 1 1 ; 1 -1 -1 1 ; 
[155] : 2292 3404 3180 1436 1842 2954 3242 922 2278 1814 1678 1230 2977 3409 1649 753 2725 2645 1309 2141 867 1363 811 2219 
1 1 1 -1 ; 1 1 -1 1 ; -1 1 1 -1 ; -1 -1 1 1 ; 
[156] : 3316 3484 1970 3498 2790 1878 2958 3406 1710 1246 2993 3441 2901 1653 2733 3181 1821 2269 2915 755 1835 2283 923 1371 
1 1 1 -1 ; 1 1 1 -1 ; 1 -1 1 1 ; -1 1 -1 1 ; 
[157] : 756 924 1650 3178 1254 1686 2953 3401 2709 2333 1379 2347 
1 1 1 -1 ; 1 1 -1 1 ; -1 -1 1 1 ; -1 -1 1 1 ; 
[158] : 2804 1948 1906 3306 3302 1942 3182 1262 1694 926 2985 3417 2773 2741 757 3405 3357 2397 1891 1651 1395 2955 2859 2475 
1 1 1 -1 ; 1 1 -1 1 ; -1 1 1 1 ; -1 -1 1 1 ; 
[159] : 1780 2972 1778 3434 1766 1750 1718 1654 1270 758 3433 2969 2965 2957 2845 2717 2461 925 3427 3403 3371 3179 2411 1387 
1 1 1 -1 ; 1 1 -1 1 ; 1 -1 1 1 ; -1 1 -1 1 ; 
[160] : 3828 3996 2034 3562 3814 2006 1726 1278 3001 3449 3029 3869 2525 2749 3939 3883 2539 1403 1655 759 2959 3407 3183 927 
1 1 1 1 ; 1 1 1 -1 ; -1 1 1 1 ; 1 -1 -1 1 ; 
[161] : 2548 3916 3692 1468 3890 3018 986 3258 2534 3862 4001 3537 1657 761 3749 1341 1491 2235 871 2647 1679 1231 815 2143 
1 1 1 1 ; 1 1 1 -1 ; 1 -1 1 -1 ; -1 -1 1 1 ; 
[162] : 1524 3020 2492 1660 3762 3914 3386 762 998 3670 3553 3985 3689 985 3725 829 1483 2171 1703 2407 2839 1239 1327 2207 
1 1 1 1 ; 1 1 1 -1 ; -1 1 1 -1 ; -1 -1 1 1 ; 
[163] : 3572 3516 4018 3514 3046 3926 3918 3022 4017 3569 3757 3693 1853 1661 1499 987 2299 763 2919 2903 1839 1711 2271 1247 
1 1 1 1 ; 1 1 1 -1 ; 1 1 1 -1 ; -1 1 -1 1 ; 
[164] : 1012 988 956 764 3698 3690 3194 1658 1510 3734 3977 3913 3529 3017 3733 2365 1507 2363 1383 1255 2711 1687 2351 2335 
1 1 1 1 ; 1 1 1 -1 ; -1 -1 1 1 ; -1 -1 1 1 ; 
[165] : 3060 1980 3954 3322 3558 3990 3694 990 4009 3545 3765 3917 3389 765 1523 3019 2491 1659 1895 2775 2863 1263 1695 2399 
1 1 1 1 ; 1 1 1 -1 ; 1 -1 1 1 ; -1 -1 1 1 ; 
[166] : 2036 3004 3826 3450 2022 3798 1662 766 3561 3993 3021 3741 989 2877 3915 3691 1515 2427 3431 2967 1719 1271 3375 2463 
1 1 1 1 ; 1 1 1 -1 ; -1 1 1 1 ; -1 -1 1 1 ; 
[167] : 4084 4028 4082 3578 4070 4054 4025 3577 3901 3773 2555 1531 3943 3031 3919 3023 3887 3695 2527 991 1727 1663 1279 767 
1 1 1 1 ; 1 1 1 1 ; 1 1 1 -1 ; 1 -1 -1 1 ; 
[168] : 3276 2284 3164 1372 1930 2730 938 1818 3214 1422 2222 1310 2785 1873 2673 881 2277 3157 1365 2165 2723 931 1811 819 
1 1 1 -1 ; -1 1 1 1 ; -1 -1 1 1 ; 1 -1 -1 1 ; 
[169] : 1740 2412 1388 2652 1738 874 2842 2714 1334 822 2230 2166 1761 1745 873 2649 2469 933 1429 1421 3235 3347 3155 3211 
1 1 1 -1 ; 1 1 -1 -1 ; -1 1 1 -1 ; -1 1 1 1 ; 
[170] : 3788 2540 3676 1404 1994 1002 3866 2746 1342 2238 3809 2001 2681 889 2533 1493 3747 3859 935 3159 823 2167 3215 1423 
1 1 1 1 ; 1 1 -1 -1 ; -1 1 1 1 ; -1 1 -1 1 ; 
[171] : 1484 2172 3722 826 993 3665 2215 1303 
1 1 1 1 ; -1 1 1 -1 ; -1 -1 1 1 ; -1 1 -1 1 ; 
[172] : 3532 1500 3196 2300 3978 3754 1850 954 3726 1486 3041 3921 3697 1009 3669 2173 995 827 2727 2279 1815 1367 2223 1311 
1 1 1 1 ; 1 1 1 -1 ; -1 -1 1 1 ; -1 1 -1 1 ; 
[173] : 1996 1516 2684 2428 3786 3738 2874 890 830 2174 2017 3793 1001 3673 997 1485 3667 3723 3239 2471 3351 1431 1335 2231 
1 1 1 1 ; -1 1 1 1 ; -1 1 1 -1 ; -1 -1 1 1 ; 
[174] : 4044 3708 2556 1532 4042 3898 3770 1018 4065 4049 3705 1017 3751 2535 999 3863 3671 1495 3727 1487 1343 831 2239 2175 
1 1 1 1 ; 1 1 1 1 ; 1 -1 1 -1 ; -1 -1 1 1 ; 
[175] : 3436 2970 1846 2294 1742 1777 2981 1437 2653 3411 3243 875 
1 1 1 -1 ; 1 1 -1 1 ; 1 -1 1 1 ; 1 -1 -1 1 ; 
[176] : 876 2650 2358 1737 1445 3219 
1 1 1 -1 ; -1 1 1 -1 ; -1 1 1 -1 ; -1 1 1 1 ; 
[177] : 2924 1900 2906 2778 3382 2870 2486 2422 878 2654 1769 1753 3493 1957 1461 1741 1453 877 3475 3283 3251 1739 3227 2651 
1 1 1 -1 ; 1 1 1 -1 ; 1 -1 1 -1 ; 1 -1 1 1 ; 
[178] : 3948 3034 3894 2550 1785 4005 1469 3539 3259 1743 879 2655 
1 1 1 1 ; 1 1 1 -1 ; 1 -1 1 -1 ; 1 -1 1 1 ; 
[179] : 3308 3420 2986 1946 1934 3278 3246 2286 1822 1438 1905 2801 2789 3413 2677 2293 3165 1373 2979 1875 1843 883 2731 939 
1 1 1 -1 ; 1 1 -1 1 ; -1 1 1 1 ; 1 -1 -1 1 ; 
[180] : 2796 1884 2794 1882 2478 1454 942 3358 3230 3166 2793 1881 3301 3285 2421 1397 885 3277 1955 1939 2867 2739 2675 1931 
1 1 1 -1 ; 1 1 -1 -1 ; -1 1 1 1 ; 1 1 -1 1 ; 
[181] : 1772 2908 2922 1754 3254 1462 2678 886 2414 2846 1897 2777 1765 3477 2485 1933 941 1389 3491 1747 3379 3275 2715 3163 
1 1 1 -1 ; 1 1 1 -1 ; 1 -1 1 -1 ; -1 1 1 1 ; 
[182] : 3820 3932 3050 2010 2542 3870 3262 1470 1913 2809 3813 3541 2549 1405 4003 2003 3891 2747 2679 887 1935 3279 943 3167 
1 1 1 1 ; 1 1 1 -1 ; 1 -1 1 -1 ; -1 1 1 1 ; 
[183] : 3564 3452 3994 3002 3790 1998 1854 2302 3825 2033 3045 3677 1501 2685 3923 3755 1003 891 2983 3415 1847 2295 3247 1439 
1 1 1 1 ; 1 1 1 -1 ; -1 1 1 1 ; -1 1 -1 1 ; 
[184] : 1004 892 3674 2682 2366 3785 1993 1509 3731 1447 3223 2359 
1 1 1 1 ; -1 1 1 1 ; -1 -1 1 1 ; -1 -1 1 1 ; 
[185] : 3052 1916 3930 2810 1006 3678 3390 2494 3817 2009 3557 1525 3789 893 3987 3763 1995 2683 1959 3287 2871 2423 1455 3231 
1 1 1 1 ; 1 1 1 -1 ; -1 1 1 -1 ; -1 1 1 1 ; 
[186] : 2028 2940 3802 2938 2878 2686 2430 894 2025 3801 2021 1997 1517 1005 3795 3787 3739 3675 3495 3479 3383 3255 2487 1463 
1 1 1 1 ; -1 1 1 1 ; -1 1 1 1 ; -1 1 -1 1 ; 
[187] : 4076 3964 4058 3066 3902 2558 3833 2041 4069 1533 4051 3771 4007 3543 3895 2551 3791 1999 1007 3679 3263 1471 2687 895 
1 1 1 1 ; 1 1 1 1 ; 1 -1 1 1 ; 1 -1 -1 1 ; 
[188] : 3292 1962 3470 2734 1374 2929 1877 3189 2285 2787 947 1819 
1 1 1 -1 ; 1 1 1 -1 ; -1 -1 1 1 ; 1 1 -1 1 ; 
[189] : 2780 1756 1898 1770 2742 950 3190 1398 1390 2718 2921 2905 1941 1749 949 3469 2477 2413 3299 1763 3187 3467 3355 2843 
1 1 1 -1 ; 1 1 1 -1 ; -1 -1 1 1 ; 1 -1 1 1 ; 
[190] : 3804 2026 2750 1406 2937 2005 2541 3811 3867 951 3191 3471 
1 1 1 1 ; 1 1 -1 -1 ; -1 1 1 1 ; -1 1 1 1 ; 
[191] : 3548 3324 4010 1978 3982 3534 3758 1502 3953 3057 3925 3701 3197 2301 3043 1011 1851 955 2791 1879 2735 2287 1823 1375 
1 1 1 1 ; 1 1 1 -1 ; 1 -1 1 1 ; -1 1 -1 1 ; 
[192] : 3036 1788 3946 1786 3766 3702 1526 1014 3945 3033 3989 3981 2493 957 3555 3531 3387 3195 1767 1751 2415 1391 2847 2719 
1 1 1 1 ; 1 1 1 -1 ; -1 1 1 -1 ; 1 -1 1 1 ; 
[193] : 2012 2812 3818 1914 1518 3742 958 3198 3049 3929 3797 1013 3533 2429 2019 3699 3979 2875 3303 1943 2743 1399 2479 3359 
1 1 1 1 ; 1 1 1 -1 ; -1 -1 1 1 ; -1 1 1 1 ; 
[194] : 4060 3836 4074 2042 3774 1534 3961 3065 4053 2557 4067 3899 3815 2007 3703 1015 3983 3535 2543 3871 2751 959 3199 1407 
1 1 1 1 ; 1 1 1 1 ; 1 -1 1 1 ; -1 1 -1 1 ; 
[195] : 3580 4026 4046 4081 3709 1019 3047 3927 3759 1503 1855 2303 
1 1 1 1 ; 1 1 1 1 ; 1 1 1 -1 ; -1 -1 1 1 ; 
[196] : 1020 3706 4041 1511 3735 2367 
1 1 1 1 ; 1 1 1 1 ; -1 -1 1 1 ; -1 -1 1 1 ; 
[197] : 3068 2044 3962 3834 3710 1022 4073 4057 4045 1021 4043 3707 3559 2023 3991 3799 3767 1527 1519 3743 3391 2879 2495 2431 
1 1 1 1 ; 1 1 1 1 ; 1 -1 1 1 ; -1 -1 1 1 ; 
[198] : 4092 4090 4089 4071 4055 4047 3903 3775 3711 2559 1535 1023 
1 1 1 1 ; 1 1 1 1 ; 1 1 1 1 ; 1 -1 -1 1 ; 
[199] : 3510 2934 2926 2910 3509 1965 1901 1773 3507 3291 2779 1755 
1 1 1 -1 ; 1 1 1 -1 ; 1 1 1 -1 ; 1 1 -1 1 ; 
[200] : 2998 3446 1902 2782 1973 3501 2925 1757 3315 1771 3483 2907 
1 1 1 -1 ; 1 1 1 -1 ; 1 -1 1 1 ; 1 -1 1 1 ; 
[201] : 1974 1910 3318 2806 3438 1774 2974 1758 2997 1781 2989 3437 3485 1949 2909 2781 3443 1779 3499 2923 1899 3307 2971 3419 
1 1 1 -1 ; 1 1 1 -1 ; 1 -1 1 1 ; -1 1 1 1 ; 
[202] : 4022 3958 3574 3062 3950 3038 4021 4013 3949 3517 1981 1789 3571 3547 3035 3515 3323 1787 2927 1903 1775 2911 2783 1759 
1 1 1 1 ; 1 1 1 -1 ; 1 1 1 -1 ; 1 1 -1 1 ; 
[203] : 1782 2973 3435 
1 1 1 -1 ; 1 1 -1 1 ; 1 -1 1 1 ; -1 1 1 1 ; 
[204] : 3830 2038 1790 3997 3037 3005 3947 3563 3451 1783 3439 2975 
1 1 1 1 ; 1 1 1 -1 ; -1 1 1 1 ; 1 -1 1 1 ; 
[205] : 4086 4029 3579 3951 3039 1791 
1 1 1 1 ; 1 1 1 1 ; 1 1 1 -1 ; 1 1 -1 1 ; 
[206] : 3502 2990 1966 2798 3486 3422 1886 3294 3445 2933 1909 3317 3309 2797 1885 3293 2995 1971 2931 2803 1963 2795 1947 1883 
1 1 1 -1 ; 1 1 1 -1 ; 1 -1 1 1 ; 1 1 -1 1 ; 
[207] : 4014 3550 3957 3325 3059 1979 2799 1887 
1 1 1 1 ; 1 1 1 -1 ; 1 -1 1 1 ; 1 1 -1 1 ; 
[208] : 3310 1950 2805 3421 1907 2987 
1 1 1 -1 ; 1 1 -1 1 ; -1 1 1 1 ; 1 -1 1 1 ; 
[209] : 3822 3566 3998 2014 1982 3326 3829 3061 3933 3549 3453 2813 3955 2035 4011 3051 3003 1915 1911 2807 2991 3311 1951 3423 
1 1 1 1 ; 1 1 1 -1 ; 1 -1 1 1 ; -1 1 1 1 ; 
[210] : 3054 3934 3518 3573 3821 1917 4019 2011 2811 2935 1967 3295 
1 1 1 1 ; 1 1 1 -1 ; 1 1 1 -1 ; -1 1 1 1 ; 
[211] : 2030 3806 3006 3454 1918 2814 2037 3565 3053 3805 2013 2941 3827 3819 2027 3995 3931 2939 2999 1975 3447 3319 3503 3487 
1 1 1 1 ; 1 1 1 -1 ; -1 1 1 1 ; -1 1 1 1 ; 
[212] : 4078 4062 4030 3582 4085 3965 3837 3581 4083 4027 3067 2043 3959 3063 4015 3823 3055 3935 3551 2015 1983 1919 3327 2815 
1 1 1 1 ; 1 1 1 1 ; 1 1 1 -1 ; 1 -1 1 1 ; 
[213] : 2942 2029 3803 3511 
1 1 1 1 ; -1 1 1 1 ; -1 1 1 1 ; -1 1 1 1 ; 
[214] : 3966 3070 4077 2045 4059 3835 4023 3575 2031 3807 3519 2943 
1 1 1 1 ; 1 1 1 1 ; 1 -1 1 1 ; 1 -1 1 1 ; 
[215] : 3838 2046 4061 3069 4075 3963 3831 2039 3567 3999 3007 3455 
1 1 1 1 ; 1 1 1 1 ; 1 -1 1 1 ; -1 1 1 1 ; 
[216] : 4094 4093 4091 4087 4079 4063 4031 3967 3839 3583 3071 2047 
1 1 1 1 ; 1 1 1 1 ; 1 1 1 1 ; 1 1 -1 1 ; 
[217] : 4095 
1 1 1 1 ; 1 1 1 1 ; 1 1 1 1 ; 1 1 1 1 ; 
