15 34 0.125
15 34 0.125
15 63 0.125
15 39 0.125
34 62 0.1875
34 64 0.0625
34 98 0.0625
34 62 0.1875
34 64 0.0625
34 98 0.0625
63 15 0.0625
63 64 0.0625
63 64 0.0625
63 120 0.125
63 140 0.0625
39 15 0.0625
39 98 0.0625
39 98 0.0625
39 120 0.1875
64 34 0.125
64 63 0.0625
64 65 0.125
64 121 0.0625
64 141 0.0625
98 34 0.0625
98 39 0.0625
98 138 0.0625
98 119 0.125
98 121 0.125
64 34 0.125
64 63 0.0625
64 65 0.125
64 121 0.0625
64 141 0.0625
98 34 0.0625
98 39 0.0625
98 138 0.0625
98 119 0.125
98 121 0.125
140 120 0.125
140 196 0.0625
140 200 0.0625
140 200 0.0625
65 62 0.1875
65 64 0.0625
65 64 0.0625
65 142 0.0625
121 98 0.0625
121 120 0.125
121 141 0.0625
121 122 0.0625
141 138 0.0625
141 140 0.0625
141 121 0.0625
141 197 0.0625
141 142 0.0625
141 200 0.0625
141 202 0.0625
121 98 0.0625
121 120 0.125
121 141 0.0625
121 122 0.0625
141 138 0.0625
141 140 0.0625
141 121 0.0625
141 197 0.0625
141 142 0.0625
141 202 0.0625
141 200 0.0625
142 139 0.125
142 141 0.0625
142 141 0.0625
142 198 0.0625
142 202 0.0625
142 202 0.0625
104 34 0.0625
104 139 0.125
104 150 0.0625
104 187 0.0625
104 199 0.0625
104 105 0.0625
104 177 0.0625
139 62 0.0625
139 198 0.0625
139 199 0.0625
139 199 0.0625
150 63 0.0625
150 104 0.0625
150 187 0.0625
150 163 0.0625
150 210 0.0625
150 140 0.0625
150 200 0.125
187 104 0.0625
187 150 0.0625
187 198 0.0625
187 216 0.125
187 200 0.0625
187 214 0.125
199 139 0.0625
199 139 0.0625
199 216 0.125
199 213 0.125
105 104 0.0625
105 39 0.0625
105 98 0.0625
105 177 0.0625
105 151 0.0625
105 140 0.125
105 200 0.0625
105 184 0.0625
177 104 0.0625
177 138 0.0625
177 105 0.0625
177 199 0.0625
177 200 0.0625
177 214 0.125
177 213 0.125
198 139 0.125
198 216 0.125
198 216 0.125
199 139 0.0625
199 139 0.0625
199 216 0.125
199 213 0.125
163 64 0.0625
163 139 0.125
163 150 0.0625
163 198 0.0625
163 210 0.0625
163 202 0.125
210 150 0.0625
210 150 0.0625
210 199 0.0625
210 216 0.125
210 214 0.1875
140 120 0.125
140 200 0.0625
140 200 0.0625
140 196 0.0625
200 140 0.0625
200 140 0.0625
200 214 0.125
200 214 0.125
216 199 0.0625
216 217 0.1875
200 140 0.0625
200 140 0.0625
200 214 0.125
200 214 0.125
214 200 0.0625
214 200 0.0625
214 217 0.1875
202 141 0.0625
202 199 0.0625
202 200 0.0625
202 216 0.125
202 214 0.125
216 199 0.0625
216 217 0.1875
104 34 0.0625
104 139 0.125
104 150 0.0625
104 187 0.0625
104 199 0.0625
104 105 0.0625
104 177 0.0625
139 62 0.0625
139 198 0.0625
139 199 0.0625
139 199 0.0625
150 63 0.0625
150 104 0.0625
150 187 0.0625
150 163 0.0625
150 210 0.0625
150 140 0.0625
150 200 0.125
187 104 0.0625
187 150 0.0625
187 198 0.0625
187 216 0.125
187 200 0.0625
187 214 0.125
105 104 0.0625
105 39 0.0625
105 98 0.0625
105 177 0.0625
105 151 0.0625
105 140 0.125
105 200 0.0625
105 184 0.0625
177 104 0.0625
177 138 0.0625
177 105 0.0625
177 199 0.0625
177 200 0.0625
177 214 0.125
177 213 0.125
198 139 0.125
198 216 0.125
198 216 0.125
199 139 0.0625
199 139 0.0625
199 216 0.125
199 213 0.125
163 64 0.0625
163 139 0.125
163 150 0.0625
163 198 0.0625
163 210 0.0625
163 202 0.125
140 120 0.125
140 200 0.0625
140 200 0.0625
140 196 0.0625
200 140 0.0625
200 140 0.0625
200 214 0.125
200 214 0.125
200 140 0.0625
200 140 0.0625
200 214 0.125
200 214 0.125
214 200 0.0625
214 200 0.0625
214 217 0.1875
202 141 0.0625
202 199 0.0625
202 200 0.0625
202 216 0.125
202 214 0.125
216 199 0.0625
216 217 0.1875
213 199 0.0625
213 199 0.0625
213 199 0.0625
213 217 0.1875
214 200 0.0625
214 200 0.0625
214 217 0.1875
138 34 0.0625
138 98 0.0625
138 139 0.125
138 141 0.0625
138 197 0.0625
138 177 0.0625
138 199 0.0625
119 62 0.0625
119 98 0.0625
119 98 0.0625
119 139 0.125
119 122 0.0625
139 62 0.0625
139 198 0.0625
139 199 0.0625
139 199 0.0625
197 138 0.0625
197 141 0.0625
197 189 0.0625
197 198 0.0625
197 214 0.125
197 216 0.125
138 34 0.0625
138 98 0.0625
138 139 0.125
138 141 0.0625
138 197 0.0625
138 199 0.0625
138 177 0.0625
197 138 0.0625
197 141 0.0625
197 189 0.0625
197 198 0.0625
197 216 0.125
197 214 0.125
122 119 0.125
122 121 0.125
122 121 0.125
122 142 0.125
198 139 0.125
198 216 0.125
198 216 0.125
196 140 0.125
196 140 0.125
196 214 0.125
196 214 0.125
140 120 0.125
140 196 0.0625
140 200 0.0625
140 200 0.0625
189 98 0.0625
189 140 0.0625
189 121 0.0625
189 197 0.125
189 190 0.0625
189 200 0.0625
189 211 0.0625
190 119 0.125
190 189 0.0625
190 189 0.0625
190 198 0.1875
190 211 0.0625
190 211 0.0625
211 189 0.0625
211 151 0.0625
211 200 0.0625
211 216 0.1875
211 214 0.125
189 98 0.0625
189 140 0.0625
189 121 0.0625
189 197 0.125
189 190 0.0625
189 211 0.0625
189 200 0.0625
211 189 0.0625
211 151 0.0625
211 200 0.0625
211 216 0.1875
211 214 0.125
151 139 0.0625
151 98 0.0625
151 119 0.0625
151 105 0.0625
151 199 0.125
151 164 0.0625
151 211 0.0625
151 184 0.0625
184 199 0.0625
184 105 0.0625
184 151 0.0625
184 105 0.0625
184 151 0.0625
184 213 0.125
184 196 0.0625
184 214 0.125
164 121 0.125
164 151 0.0625
164 140 0.125
164 202 0.125
164 211 0.0625
164 196 0.0625
196 140 0.125
196 140 0.125
196 214 0.125
196 214 0.125
214 200 0.0625
214 200 0.0625
214 217 0.1875
151 139 0.0625
151 98 0.0625
151 119 0.0625
151 105 0.0625
151 199 0.125
151 164 0.0625
151 211 0.0625
151 184 0.0625
164 121 0.125
164 151 0.0625
164 140 0.125
164 202 0.125
164 211 0.0625
164 196 0.0625
