3.0   0.6833333333333331   0.0016687591554589204
4.0   0.725   0.001921022288565602
5.0   0.8339999999999992   0.0014634920721432467
6.0   0.8883333333333334   0.0013704782000926157
7.0   0.9357142857142857   0.0010271416640118014
8.0   0.93875   0.001074322709393967
9.0   0.9588888888888891   0.0008776332316723033
10.0   0.986   0.0005716062178997964
11.0   0.9827272727272729   0.0005513425165345439
12.0   0.9833333333333333   0.000584797158303267
13.0   1.0   0.0
14.0   0.9971428571428572   0.0002020305089104418
15.0   0.9953333333333333   0.00032998316455372227
16.0   1.0   0.0
17.0   1.0   0.0
18.0   1.0   0.0
19.0   1.0   0.0
20.0   1.0   0.0
21.0   1.0   0.0
22.0   1.0   0.0
23.0   1.0   0.0
24.0   1.0   0.0
25.0   1.0   0.0
26.0   1.0   0.0
27.0   1.0   0.0
28.0   1.0   0.0
29.0   1.0   0.0
30.0   1.0   0.0
31.0   1.0   0.0
32.0   1.0   0.0
33.0   1.0   0.0
34.0   1.0   0.0
35.0   1.0   0.0
36.0   1.0   0.0
37.0   1.0   0.0
38.0   1.0   0.0
39.0   1.0   0.0
40.0   1.0   0.0
41.0   1.0   0.0
42.0   1.0   0.0
43.0   1.0   0.0
44.0   1.0   0.0
45.0   1.0   0.0
46.0   1.0   0.0
47.0   1.0   0.0
48.0   1.0   0.0
49.0   1.0   0.0
50.0   1.0   0.0
51.0   1.0   0.0
52.0   1.0   0.0
53.0   1.0   0.0
54.0   1.0   0.0
55.0   1.0   0.0
56.0   1.0   0.0
57.0   1.0   0.0
58.0   1.0   0.0
59.0   1.0   0.0
60.0   1.0   0.0
61.0   1.0   0.0
62.0   1.0   0.0
63.0   1.0   0.0
64.0   1.0   0.0
65.0   1.0   0.0
66.0   1.0   0.0
67.0   1.0   0.0
68.0   1.0   0.0
69.0   1.0   0.0
70.0   1.0   0.0
71.0   1.0   0.0
72.0   1.0   0.0
73.0   1.0   0.0
74.0   1.0   0.0
75.0   1.0   0.0
76.0   1.0   0.0
77.0   1.0   0.0
78.0   1.0   0.0
79.0   1.0   0.0
80.0   1.0   0.0
81.0   1.0   0.0
82.0   1.0   0.0
83.0   1.0   0.0
84.0   1.0   0.0
85.0   1.0   0.0
86.0   1.0   0.0
87.0   1.0   0.0
88.0   1.0   0.0
89.0   1.0   0.0
90.0   1.0   0.0
91.0   1.0   0.0
92.0   1.0   0.0
93.0   1.0   0.0
94.0   1.0   0.0
95.0   1.0   0.0
96.0   1.0   0.0
97.0   1.0   0.0
98.0   1.0   0.0
99.0   1.0   0.0
100.0   1.0   0.0
