3.0   0.49   0.00142
4.0   0.4   0.00162
5.0   0.402   0.00125
6.0   0.29667   0.00118
7.0   0.31   0.00106
8.0   0.27125   0.00111
9.0   0.25111   0.00093
10.0   0.256   0.00098
11.0   0.25364   0.00088
12.0   0.2175   0.00094
13.0   0.22231   0.00076
14.0   0.17786   0.00072
15.0   0.21267   0.00081
16.0   0.20438   0.00079
17.0   0.18647   0.00073
18.0   0.18111   0.00073
19.0   0.19842   0.00069
20.0   0.163   0.00068
21.0   0.17429   0.00067
22.0   0.17136   0.00066
23.0   0.17304   0.00061
24.0   0.1725   0.00065
25.0   0.1648   0.00058
26.0   0.14385   0.00053
27.0   0.15074   0.00057
28.0   0.14857   0.00054
29.0   0.14345   0.00054
30.0   0.147   0.00061
31.0   0.15645   0.00056
32.0   0.14875   0.00054
33.0   0.14091   0.00048
34.0   0.14647   0.00053
35.0   0.14571   0.00053
36.0   0.13028   0.00048
37.0   0.13514   0.00049
38.0   0.12   0.00046
39.0   0.13564   0.00048
40.0   0.107   0.0004
41.0   0.12707   0.00044
42.0   0.12119   0.00051
43.0   0.11116   0.00045
44.0   0.12386   0.0005
45.0   0.11378   0.00043
46.0   0.12304   0.00046
47.0   0.12021   0.00043
48.0   0.11083   0.0004
49.0   0.11918   0.00039
50.0   0.1142   0.00047
51.0   0.11529   0.00041
52.0   0.10058   0.00041
53.0   0.10792   0.00041
54.0   0.10611   0.0004
55.0   0.104   0.00043
56.0   0.10786   0.00037
57.0   0.11509   0.00042
58.0   0.10259   0.00041
59.0   0.10169   0.00042
60.0   0.10717   0.00038
61.0   0.11262   0.00043
62.0   0.09758   0.00041
63.0   0.10762   0.0004
64.0   0.09734   0.00039
65.0   0.09031   0.00033
66.0   0.10273   0.00042
67.0   0.09866   0.00036
68.0   0.09912   0.0004
69.0   0.09536   0.00035
70.0   0.08843   0.00031
71.0   0.08676   0.00033
72.0   0.09042   0.00031
73.0   0.09178   0.00035
74.0   0.10135   0.00038
75.0   0.09213   0.00036
76.0   0.09026   0.00033
77.0   0.09675   0.00039
78.0   0.10333   0.00039
79.0   0.0919   0.00033
80.0   0.09975   0.00035
81.0   0.08   0.0003
82.0   0.08805   0.00035
83.0   0.08687   0.00032
84.0   0.07988   0.0003
85.0   0.09176   0.00036
86.0   0.08407   0.00035
87.0   0.08391   0.00033
88.0   0.08398   0.00031
89.0   0.08022   0.00032
90.0   0.08578   0.0003
91.0   0.0889   0.00033
92.0   0.08022   0.00032
93.0   0.0857   0.00032
94.0   0.07862   0.00028
95.0   0.08958   0.00036
96.0   0.09135   0.00032
97.0   0.07711   0.00029
98.0   0.08286   0.00032
99.0   0.0803   0.0003
100.0   0.0754   0.00029
