33911 34167 34679 36215 50483 
33911 34167 34423 34679 35959 36215 36727 50227 50483 50995 52531 
33911 34167 34423 34679 35959 36215 36471 36727 50227 50483 50739 50995 52275 52531 53043 
33911 34167 34423 34679 35959 36215 36471 36727 50227 50483 50739 50995 52275 52531 52787 53043 
33911 34167 34423 34679 35959 36215 36471 36727 50227 50483 50739 50995 52275 52531 52787 53043 
33911 34167 34423 34679 35959 36215 36471 36727 50227 50483 50739 50995 52275 52531 52787 53043 
33911 34167 34423 34679 35959 36215 36471 36727 50227 50483 50739 50995 52275 52531 52787 53043 
33911 34167 34423 34679 35959 36215 36471 36727 50227 50483 50739 50995 52275 52531 52787 53043 
33911 34167 34423 34679 35959 36215 36471 36727 50227 50483 50739 50995 52275 52531 52787 53043 
33911 34167 34423 34679 35959 36215 36471 36727 50227 50483 50739 50995 52275 52531 52787 53043 
